 D -1 -1 -1    5  7 -1  3   -1 -1 -1 -1   -1 -1 -1 -1
-1 -1  7 -1   -1  D -1  8   -1  4 -1 -1    1  F -1  2
 2  2  F  A   -1  C -1 -1    1  D -1  7   -1  5  9 -1
 -1 -1  B -1  -1  9 -1  6   -1  F -1 -1   -1  C -1  3

 -1  8  C -1  -1 -1  B  D   -1 -1  9  6    E  1 -1 -1
  6 -1 -1 -1   E -1 -1  9    8  0  1 -1   -1  A -1 -1
  1 -1 -1 -1  -1  3  7 -1   -1 -1 -1 -1    C -1 -1  0
 -1  4  E -1  -1 -1 -1  A    3 -1 -1 -1   -1  B -1  D

 -1 -1 -1 -1  -1  F -1 -1   -1  6 -1  D   -1  9 -1  A
  F -1  1  D  -1 -1  0  5   -1 -1 -1  4   -1 -1  C -1 
  4 -1 -1  9   3 -1 -1 -1   -1  8 -1 -1   -1  2 -1 -1
  5 -1 -1  8  -1 -1 -1  E    0  1 -1  3    6 -1 -1 -1

 -1 -1 -1 -1  -1 -1 -1 -1    2 -1 -1 -1   -1  6 -1 -1
 -1 -1 -1  E   0 -1  9 -1    6 -1  4 -1   -1  D  8 -1
 -1  9  2  C  -1  B -1 -1   -1  7  A  1   -1 -1 -1 -1
 -1 -1 -1  5   4  8 -1  2   -1 -1 -1  C   -1  E -1 -1